import numpy as np

#actual l2 distance between order of ids.
DIST_MATRIX = np.array([
    [0.000000, 83.216585, 256.456624, 630.398287, 501.378101, 525.003810, 274.235300, 674.516864, 382.660424, 404.827124, 567.895237, 344.884038, 269.430882, 512.363152, 494.222622, 561.659149, 169.743925, 352.241395, 520.216301, 480.405037, 493.092283, 479.150290, 427.684463, 334.641599, 314.760226, 439.247083, 227.308799, 341.533307, 746.921683, 430.464865, 563.952126, 723.194303, 745.686932, 789.735399, 413.968598, 260.192237, 360.410877, 321.076315, 626.130977, 226.636272, 268.972118],
    [83.216585, 0.000000, 312.705932, 710.898727, 576.094610, 574.529373, 343.525836, 751.463905, 465.600687, 420.202332, 591.574171, 389.486842, 351.365906, 532.147536, 529.849979, 570.154365, 99.689518, 346.307667, 518.478543, 462.854189, 575.608374, 559.866055, 462.675912, 411.400049, 396.697618, 502.705679, 280.662235, 411.533717, 789.010139, 477.624329, 596.922943, 759.713762, 790.913396, 822.226854, 381.293850, 182.989071, 284.184799, 240.052078, 692.924960, 193.051807, 220.410980],
    [256.456624, 312.705932, 0.000000, 592.027026, 531.023540, 661.885942, 75.133215, 668.566377, 333.995509, 621.759600, 762.299810, 515.481328, 284.740232, 716.392351, 669.215959, 780.587599, 335.596484, 594.498108, 752.973439, 727.767133, 364.804057, 322.013975, 609.635957, 382.064131, 214.895323, 537.490465, 400.840479, 428.290789, 890.838930, 583.618026, 739.991892, 882.743451, 880.729811, 956.345126, 669.079965, 417.480538, 493.981781, 538.535050, 688.222348, 483.009317, 524.370098],
    [630.398287, 710.898727, 592.027026, 0.000000, 178.084250, 420.481866, 518.000965, 101.965681, 263.410326, 618.411675, 618.117303, 472.661613, 362.167089, 623.000803, 519.162788, 709.070518, 798.694560, 696.347614, 745.751299, 802.319762, 266.582070, 329.200547, 516.828792, 305.831653, 377.640040, 319.048586, 486.447006, 333.636029, 556.555478, 440.910422, 553.523261, 591.746567, 527.709200, 661.891230, 827.954105, 890.403279, 989.853525, 928.045258, 252.922913, 733.682493, 791.982323],
    [501.378101, 576.094610, 531.023540, 178.084250, 0.000000, 257.163372, 464.905367, 178.932948, 211.123187, 440.328287, 450.138867, 295.677189, 255.148976, 449.141403, 347.061954, 535.728476, 670.797287, 520.248018, 568.845322, 624.263566, 308.933650, 363.049583, 339.649820, 167.943443, 326.695577, 141.428427, 323.898889, 170.425937, 435.586960, 264.121184, 389.165774, 457.001094, 412.825629, 532.084580, 652.357264, 758.988801, 860.086042, 776.449612, 162.640708, 570.445440, 627.816852],
    [525.003810, 574.529373, 661.885942, 420.481866, 257.163372, 0.000000, 614.037458, 372.840448, 417.252921, 253.712436, 198.161550, 185.924716, 387.362879, 213.215853, 109.931797, 295.296461, 673.731400, 364.588809, 346.698716, 427.066740, 548.340223, 593.452610, 145.165423, 297.835525, 502.773309, 140.730238, 297.726871, 238.403020, 229.314195, 97.514102, 133.180329, 224.661968, 222.611770, 300.740752, 489.388394, 745.711070, 843.137593, 709.059236, 207.790760, 483.037266, 529.876401],
    [274.235300, 343.525836, 75.133215, 518.000965, 464.905367, 614.037458, 0.000000, 596.442789, 262.606169, 600.749532, 729.686234, 481.292011, 228.464439, 688.146060, 631.845709, 757.639756, 383.942704, 587.551700, 737.494407, 722.838848, 290.601101, 250.511477, 575.910583, 324.524267, 142.411376, 483.848117, 373.879513, 376.597929, 841.320985, 542.019372, 701.590336, 837.470596, 829.135695, 912.329436, 674.626563, 471.110390, 553.953969, 579.193405, 624.519816, 494.789854, 541.698255],
    [674.516864, 751.463905, 668.566377, 101.965681, 178.932948, 372.840448, 596.442789, 0.000000, 334.619187, 597.879587, 569.738537, 463.941807, 415.061441, 584.288456, 479.388152, 667.929637, 844.258254, 688.262305, 714.026610, 781.731412, 363.814513, 426.356658, 489.947956, 340.147027, 454.102411, 301.869177, 502.642109, 349.356551, 475.231523, 414.575687, 502.168298, 516.562678, 444.425472, 582.766677, 820.649133, 933.844205, 1034.636651, 955.314084, 177.901658, 748.561955, 805.583639],
    [382.660424, 465.600687, 333.995509, 263.410326, 211.123187, 417.252921, 262.606169, 334.619187, 0.000000, 506.171908, 580.351618, 354.835173, 118.701306, 557.907698, 472.868904, 641.077218, 546.034797, 545.366849, 649.199507, 673.190909, 148.852276, 179.738699, 436.729894, 134.260940, 120.337027, 276.523055, 304.097501, 198.635344, 628.096330, 376.442559, 533.251348, 638.289119, 609.635957, 714.860126, 665.973723, 638.846617, 736.125669, 696.494795, 373.760619, 530.212222, 588.106283],
    [404.827124, 420.202332, 621.759600, 618.411675, 440.328287, 253.712436, 600.749532, 597.879587, 506.171908, 0.000000, 175.139944, 153.733536, 418.119600, 113.000000, 154.262763, 159.154013, 509.132596, 116.297033, 143.617548, 184.358347, 654.883959, 680.523328, 110.981981, 373.405945, 539.789774, 300.041664, 228.147956, 313.435799, 405.123438, 183.698122, 200.202398, 361.454008, 417.633811, 413.392066, 235.705325, 560.557758, 648.482074, 487.570508, 453.282473, 268.672663, 301.716755],
    [567.895237, 591.574171, 762.299810, 618.117303, 450.138867, 198.161550, 729.686234, 569.738537, 580.351618, 175.139944, 0.000000, 248.394847, 519.948074, 63.505905, 107.782188, 107.424392, 682.813298, 281.945030, 179.610690, 281.016014, 722.263802, 760.085522, 153.808322, 448.475194, 643.307858, 317.233353, 362.061445, 383.301448, 247.832605, 203.924005, 68.883960, 195.000000, 268.029849, 239.309423, 373.423352, 735.696269, 823.196817, 658.110173, 398.694118, 443.162498, 472.492328],
    [344.884038, 389.486842, 515.481328, 472.661613, 295.677189, 185.924716, 481.292011, 463.941807, 354.835173, 153.733536, 248.394847, 0.000000, 276.524863, 210.601519, 154.845084, 289.067466, 488.337998, 224.928878, 295.025423, 332.640948, 503.015904, 531.648380, 94.641429, 221.020361, 400.281151, 162.409975, 120.592247, 159.812390, 402.120629, 88.459030, 226.019911, 379.637985, 402.019900, 448.786141, 357.302393, 559.829438, 657.550758, 529.876401, 343.157398, 305.929730, 357.643677],
    [269.430882, 351.365906, 284.740232, 362.167089, 255.148976, 387.362879, 228.464439, 415.061441, 118.701306, 418.119600, 519.948074, 276.524863, 0.000000, 486.963038, 416.491296, 564.923004, 436.687531, 441.117898, 561.471282, 573.135237, 255.634505, 267.641551, 367.947007, 97.324200, 123.810339, 255.384025, 198.920813, 149.003356, 613.365307, 322.386414, 483.740633, 611.736054, 600.727892, 687.302699, 556.108802, 528.723936, 627.800127, 578.868724, 406.030787, 412.801405, 470.366878],
    [512.363152, 532.147536, 716.392351, 623.000803, 449.141403, 213.215853, 688.146060, 584.288456, 557.907698, 113.000000, 63.505905, 210.601519, 486.963038, 0.000000, 104.938077, 86.700634, 621.984727, 218.508581, 135.532284, 228.405341, 703.420216, 737.018996, 121.202310, 423.977594, 610.765094, 309.996774, 315.764612, 359.272877, 306.789830, 188.297637, 108.931171, 256.783956, 324.359369, 302.803567, 314.200573, 673.189424, 760.065787, 594.637705, 420.689910, 380.021052, 408.991442],
    [494.222622, 529.849979, 669.215959, 519.162788, 347.061954, 109.931797, 631.845709, 479.388152, 472.868904, 154.262763, 107.782188, 154.845084, 416.491296, 104.938077, 0.000000, 190.023683, 626.039136, 269.981481, 236.864940, 318.692642, 614.481896, 652.571069, 67.186308, 341.656260, 539.082554, 210.850658, 274.770613, 276.602603, 262.213653, 96.519428, 71.175839, 229.960866, 269.712810, 295.651822, 387.806653, 688.978955, 782.350305, 633.089251, 317.653900, 408.533964, 448.867464],
    [561.659149, 570.154365, 780.587599, 709.070518, 535.728476, 295.296461, 757.639756, 667.929637, 641.077218, 159.154013, 107.424392, 289.067466, 564.923004, 86.700634, 190.023683, 0.000000, 653.404928, 230.835439, 81.437092, 187.536663, 787.571584, 819.498627, 205.234013, 506.851063, 688.364003, 396.692576, 383.806839, 442.705320, 345.463457, 274.774453, 174.771279, 287.027873, 369.134122, 313.466107, 291.295383, 694.525018, 774.736729, 598.067722, 500.912168, 399.505945, 417.009592],
    [169.743925, 99.689518, 335.596484, 798.694560, 670.797287, 673.731400, 383.942704, 844.258254, 546.034797, 509.132596, 682.813298, 488.337998, 436.687531, 621.984727, 626.039136, 653.404928, 0.000000, 424.392507, 595.619006, 528.564093, 643.261222, 619.916123, 559.003578, 504.357016, 463.729447, 601.811432, 380.346539, 508.670817, 886.411304, 576.639402, 691.937136, 855.458357, 889.095046, 916.325815, 434.949422, 92.956979, 191.167466, 207.511445, 791.439827, 258.938217, 266.595199],
    [352.241395, 346.307667, 594.498108, 696.347614, 520.248018, 364.588809, 587.551700, 688.262305, 545.366849, 116.297033, 281.945030, 224.928878, 441.117898, 218.508581, 269.981481, 230.835439, 424.392507, 0.000000, 172.235304, 135.650286, 692.735159, 708.746076, 219.426525, 421.000000, 553.981949, 386.393582, 242.586665, 370.568482, 520.048075, 283.467811, 315.328400, 473.970463, 533.498828, 520.999040, 132.423563, 463.777964, 545.771014, 376.191441, 556.239157, 168.671278, 190.850727],
    [520.216301, 518.478543, 752.973439, 745.751299, 568.845322, 346.698716, 737.494407, 714.026610, 649.199507, 143.617548, 179.610690, 295.025423, 561.471282, 135.532284, 236.864940, 81.437092, 595.619006, 172.235304, 0.000000, 106.103723, 797.737425, 824.093441, 229.218237, 515.877893, 682.607501, 427.468127, 368.749359, 454.598724, 424.420782, 304.868824, 241.223962, 367.212473, 446.663184, 394.848072, 211.624668, 629.667373, 705.626672, 524.596035, 554.484445, 337.557403, 347.754224],
    [480.405037, 462.854189, 727.767133, 802.319762, 624.263566, 427.066740, 722.838848, 781.731412, 673.190909, 184.358347, 281.016014, 332.640948, 573.135237, 228.405341, 318.692642, 187.536663, 528.564093, 135.650286, 106.103723, 0.000000, 821.608788, 840.554579, 292.289240, 544.620969, 688.204185, 484.343886, 374.251640, 489.082815, 528.163800, 367.163451, 337.290676, 472.149341, 549.044625, 500.936124, 111.072049, 550.774909, 619.200291, 432.380619, 632.361447, 271.442443, 266.947560],
    [493.092283, 575.608374, 364.804057, 266.582070, 308.933650, 548.340223, 290.601101, 363.814513, 148.852276, 654.883959, 722.263802, 503.015904, 255.634505, 703.420216, 614.481896, 787.571584, 643.261222, 692.735159, 797.737425, 821.608788, 0.000000, 62.649820, 582.554718, 282.001773, 179.738699, 409.714535, 450.503818, 345.028984, 744.069889, 518.844871, 671.251071, 762.108916, 721.748571, 838.084721, 811.030209, 735.532460, 827.200097, 813.841508, 461.566897, 666.177154, 722.884500],
    [479.150290, 559.866055, 322.013975, 329.200547, 363.049583, 593.452610, 250.511477, 426.356658, 179.738699, 680.523328, 760.085522, 531.648380, 267.641551, 737.018996, 652.571069, 819.498627, 619.916123, 708.746076, 824.093441, 840.554579, 62.649820, 0.000000, 615.818967, 313.049517, 166.544288, 453.216284, 466.497471, 377.955024, 795.945350, 556.169938, 712.334893, 811.076445, 774.804491, 887.419292, 821.842442, 710.884660, 799.122644, 799.785596, 519.211903, 667.188879, 722.333026],
    [427.684463, 462.675912, 609.635957, 516.828792, 339.649820, 145.165423, 575.910583, 489.947956, 436.729894, 110.981981, 153.808322, 94.641429, 367.947007, 121.202310, 67.186308, 205.234013, 559.003578, 219.426525, 229.218237, 292.289240, 582.554718, 615.818967, 0.000000, 302.775494, 491.678757, 198.252364, 211.270182, 238.102919, 328.283414, 76.118329, 136.308474, 297.139698, 333.995509, 362.066292, 345.467799, 622.833846, 716.944907, 571.639747, 342.312723, 345.973987, 389.178622],
    [334.641599, 411.400049, 382.064131, 305.831653, 167.943443, 297.835525, 324.524267, 340.147027, 134.260940, 373.405945, 448.475194, 221.020361, 97.324200, 423.977594, 341.656260, 506.851063, 504.357016, 421.000000, 515.877893, 544.620969, 282.001773, 313.049517, 302.775494, 0.000000, 204.980487, 161.012422, 187.765519, 65.192024, 520.239368, 245.203997, 404.797480, 522.345671, 506.164005, 598.559103, 546.648882, 593.697735, 694.519258, 622.396176, 310.710476, 431.115994, 489.698887],
    [314.760226, 396.697618, 214.895323, 377.640040, 326.695577, 502.773309, 142.411376, 454.102411, 120.337027, 539.789774, 643.307858, 400.281151, 123.810339, 610.765094, 539.082554, 688.364003, 463.729447, 553.981949, 682.607501, 688.204185, 179.738699, 166.544288, 491.678757, 204.980487, 0.000000, 365.299877, 315.652166, 266.189782, 724.238911, 444.065311, 605.342878, 727.323862, 708.889977, 803.512290, 661.356182, 556.181625, 648.902150, 635.836457, 488.329807, 501.623365, 556.251742],
    [439.247083, 502.705679, 537.490465, 319.048586, 141.428427, 140.730238, 483.848117, 301.869177, 276.523055, 300.041664, 317.233353, 162.409975, 255.384025, 309.996774, 210.850658, 396.692576, 601.811432, 386.393582, 427.468127, 484.343886, 409.714535, 453.216284, 198.252364, 161.012422, 365.299877, 0.000000, 225.621564, 109.658561, 359.235299, 123.036580, 262.122109, 363.279507, 345.469246, 439.786312, 518.787047, 683.322764, 783.950254, 676.417031, 192.130164, 458.573876, 513.361471],
    [227.308799, 280.662235, 400.840479, 486.447006, 323.898889, 297.726871, 373.879513, 502.642109, 304.097501, 228.147956, 362.061445, 120.592247, 198.920813, 315.764612, 274.770613, 383.806839, 380.346539, 242.586665, 368.749359, 374.251640, 450.503818, 466.497471, 211.270182, 187.765519, 315.652166, 225.621564, 0.000000, 154.223507, 520.648528, 203.497641, 345.861085, 500.065486, 518.568501, 569.359895, 362.107567, 458.849093, 559.055713, 454.699340, 417.694733, 247.562699, 305.650601],
    [341.533307, 411.533717, 428.290789, 333.636029, 170.425937, 238.403020, 376.597929, 349.356551, 198.635344, 313.435799, 383.301448, 159.812390, 149.003356, 359.272877, 276.602603, 442.705320, 508.670817, 370.568482, 454.598724, 489.082815, 345.028984, 377.955024, 238.102919, 65.192024, 266.189782, 109.658561, 154.223507, 0.000000, 464.724650, 180.235956, 340.442359, 462.909278, 452.981236, 538.658519, 499.624859, 594.337446, 695.540797, 606.083328, 285.308605, 401.672752, 459.570452],
    [746.921683, 789.010139, 890.838930, 556.555478, 435.586960, 229.314195, 841.320985, 475.231523, 628.096330, 405.123438, 247.832605, 402.120629, 613.365307, 306.789830, 262.213653, 345.463457, 886.411304, 520.048075, 424.420782, 528.163800, 744.069889, 795.945350, 328.283414, 520.239368, 724.238911, 359.235299, 520.648528, 464.724650, 0.000000, 317.351540, 204.924376, 63.134776, 34.014703, 108.415866, 620.672216, 951.062564, 1044.538175, 891.969730, 303.637942, 669.238373, 706.446035],
    [430.464865, 477.624329, 583.618026, 440.910422, 264.121184, 97.514102, 542.019372, 414.575687, 376.442559, 183.698122, 203.924005, 88.459030, 322.386414, 188.297637, 96.519428, 274.774453, 576.639402, 283.467811, 304.868824, 367.163451, 518.844871, 556.169938, 76.118329, 245.203997, 444.065311, 123.036580, 203.497641, 180.235956, 317.351540, 0.000000, 161.375339, 300.482945, 315.228489, 372.936992, 413.533554, 648.197501, 745.678215, 614.043972, 272.800293, 388.515122, 437.385414],
    [563.952126, 596.922943, 739.991892, 553.523261, 389.165774, 133.180329, 701.590336, 502.168298, 533.251348, 200.202398, 68.883960, 226.019911, 483.740633, 108.931171, 71.175839, 174.771279, 691.937136, 315.328400, 241.223962, 337.290676, 671.251071, 712.334893, 136.308474, 404.797480, 605.342878, 262.122109, 345.861085, 340.442359, 204.924376, 161.375339, 0.000000, 164.195006, 218.689277, 225.938045, 421.017814, 751.815137, 843.294729, 687.354348, 330.081808, 465.748859, 501.677187],
    [723.194303, 759.713762, 882.743451, 591.746567, 457.001094, 224.661968, 837.470596, 516.562678, 638.289119, 361.454008, 195.000000, 379.637985, 611.736054, 256.783956, 229.960866, 287.027873, 855.458357, 473.970463, 367.212473, 472.149341, 762.108916, 811.076445, 297.139698, 522.345671, 727.323862, 363.279507, 500.065486, 462.909278, 63.134776, 300.482945, 164.195006, 0.000000, 94.578010, 76.576759, 568.119706, 916.009825, 1007.302338, 848.872193, 340.473200, 629.045308, 662.950979],
    [745.686932, 790.913396, 880.729811, 527.709200, 412.825629, 222.611770, 829.135695, 444.425472, 609.635957, 417.633811, 268.029849, 402.019900, 600.727892, 324.359369, 269.712810, 369.134122, 889.095046, 533.498828, 446.663184, 549.044625, 721.748571, 774.804491, 333.995509, 506.164005, 708.889977, 345.469246, 518.568501, 452.981236, 34.014703, 315.228489, 218.689277, 94.578010, 0.000000, 141.410749, 638.495889, 956.155322, 1050.880107, 902.404012, 275.138147, 678.233736, 717.524216],
    [789.735399, 822.226854, 956.345126, 661.891230, 532.084580, 300.740752, 912.329436, 582.766677, 714.860126, 413.392066, 239.309423, 448.786141, 687.302699, 302.803567, 295.651822, 313.466107, 916.325815, 520.999040, 394.848072, 500.936124, 838.084721, 887.419292, 362.066292, 598.559103, 803.512290, 439.786312, 569.359895, 538.658519, 108.415866, 372.936992, 225.938045, 76.576759, 141.410749, 0.000000, 603.363903, 973.025180, 1061.870990, 897.177797, 409.255421, 682.004399, 711.713425],
    [413.968598, 381.293850, 669.079965, 827.954105, 652.357264, 489.388394, 674.626563, 820.649133, 665.973723, 235.705325, 373.423352, 357.302393, 556.108802, 314.200573, 387.806653, 291.295383, 434.949422, 132.423563, 211.624668, 111.072049, 811.030209, 821.842442, 345.467799, 546.648882, 661.356182, 518.787047, 362.107567, 499.624859, 620.672216, 413.533554, 421.017814, 568.119706, 638.495889, 603.363903, 0.000000, 447.662820, 511.196635, 322.415881, 686.109321, 189.488786, 168.404275],
    [260.192237, 182.989071, 417.480538, 890.403279, 758.988801, 745.711070, 471.110390, 933.844205, 638.846617, 560.557758, 735.696269, 559.829438, 528.723936, 673.189424, 688.978955, 694.525018, 92.956979, 463.777964, 629.667373, 550.774909, 735.532460, 710.884660, 622.833846, 593.697735, 556.181625, 683.322764, 458.849093, 594.337446, 951.062564, 648.197501, 751.815137, 916.009825, 956.155322, 973.025180, 447.662820, 0.000000, 101.212647, 159.530561, 874.448398, 295.296461, 284.073934],
    [360.410877, 284.184799, 493.981781, 989.853525, 860.086042, 843.137593, 553.953969, 1034.636651, 736.125669, 648.482074, 823.196817, 657.550758, 627.800127, 760.065787, 782.350305, 774.736729, 191.167466, 545.771014, 705.626672, 619.200291, 827.200097, 799.122644, 716.944907, 694.519258, 648.902150, 783.950254, 559.055713, 695.540797, 1044.538175, 745.678215, 843.294729, 1007.302338, 1050.880107, 1061.870990, 511.196635, 101.212647, 0.000000, 192.753729, 975.294827, 380.047365, 358.097752],
    [321.076315, 240.052078, 538.535050, 928.045258, 776.449612, 709.059236, 579.193405, 955.314084, 696.494795, 487.570508, 658.110173, 529.876401, 578.868724, 594.637705, 633.089251, 598.067722, 207.511445, 376.191441, 524.596035, 432.380619, 813.841508, 799.785596, 571.639747, 622.396176, 635.836457, 676.417031, 454.699340, 606.083328, 891.969730, 614.043972, 687.354348, 848.872193, 902.404012, 897.177797, 322.415881, 159.530561, 192.753729, 0.000000, 867.484870, 226.119437, 185.924716],
    [626.130977, 692.924960, 688.222348, 252.922913, 162.640708, 207.790760, 624.519816, 177.901658, 373.760619, 453.282473, 398.694118, 343.157398, 406.030787, 420.689910, 317.653900, 500.912168, 791.439827, 556.239157, 554.484445, 632.361447, 461.566897, 519.211903, 342.312723, 310.710476, 488.329807, 192.130164, 417.694733, 285.308605, 303.637942, 272.800293, 330.081808, 340.473200, 275.138147, 409.255421, 686.109321, 874.448398, 975.294827, 867.484870, 0.000000, 647.187763, 700.372758],
    [226.636272, 193.051807, 483.009317, 733.682493, 570.445440, 483.037266, 494.789854, 748.561955, 530.212222, 268.672663, 443.162498, 305.929730, 412.801405, 380.021052, 408.533964, 399.505945, 258.938217, 168.671278, 337.557403, 271.442443, 666.177154, 667.188879, 345.973987, 431.115994, 501.623365, 458.573876, 247.562699, 401.672752, 669.238373, 388.515122, 465.748859, 629.045308, 678.233736, 682.004399, 189.488786, 295.296461, 380.047365, 226.119437, 647.187763, 0.000000, 58.600341],
    [268.972118, 220.410980, 524.370098, 791.982323, 627.816852, 529.876401, 541.698255, 805.583639, 588.106283, 301.716755, 472.492328, 357.643677, 470.366878, 408.991442, 448.867464, 417.009592, 266.595199, 190.850727, 347.754224, 266.947560, 722.884500, 722.333026, 389.178622, 489.698887, 556.251742, 513.361471, 305.650601, 459.570452, 706.446035, 437.385414, 501.677187, 662.950979, 717.524216, 711.713425, 168.404275, 284.073934, 358.097752, 185.924716, 700.372758, 58.600341, 0.000000],
], dtype=np.float32)
